module TetrahedraConstants

using JLD
using MAT
using PyCall
using PolySpace
using SymPy
using ProgressMeter

export buildP1constants, buildP2constants, buildP3constants, buildP3constants_mat, buildK_withquadrature

@pyimport numpy as np

function buildP1constants()

    quadrature_weights = [0.25,0.25,0.25,0.25]
    (r,s,t) = ([0.0,1.0,0.0,0.0],[0.0,0.0,1.0,0.0],[0.0,0.0,0.0,1.0])
    EToV_local = Vector{Int}[]
    push!(EToV_local,[1,2,3,4])
    # rebuilt    
    Kall = np.load("K_tetrahedrap1.npz")
    d_Phi_rr = get(Kall,"Krr")
    d_Phi_rs = get(Kall,"Krs")
    d_Phi_rt = get(Kall,"Krt")
    d_Phi_ss = get(Kall,"Kss")
    d_Phi_st = get(Kall,"Kst")
    d_Phi_tt = get(Kall,"Ktt")
    
    jldopen("p1constants.jld","w") do file
        write(file,"quadrature_weights",quadrature_weights)
        write(file,"r",r)
        write(file,"s",s)
        write(file,"t",t)
        write(file,"EToV_local",EToV_local)
        write(file,"d_Phi_rr",d_Phi_rr)
        write(file,"d_Phi_rs",d_Phi_rs)
        write(file,"d_Phi_rt",d_Phi_rt)
        write(file,"d_Phi_ss",d_Phi_ss)
        write(file,"d_Phi_st",d_Phi_st)
        write(file,"d_Phi_tt",d_Phi_tt)
    end
end

function buildP2constants()

    (quadrature_weights,r,s,t) = nodes_and_weights_tetP2()
    EToV_local = nodal_elements_tetP2()

    # rebuilt
    Kall = np.load("K_p2tetrahedra.npz")
    d_Phi_rr = get(Kall,"Krr")
    d_Phi_rs = get(Kall,"Krs")
    d_Phi_rt = get(Kall,"Krt")
    d_Phi_ss = get(Kall,"Kss")
    d_Phi_st = get(Kall,"Kst")
    d_Phi_tt = get(Kall,"Ktt")

    Ksym = np.load("Ksym_p2tetrahedra.npz")
    d_Phi_sr = get(Ksym,"Ksr")
    d_Phi_tr = get(Ksym,"Ktr")
    d_Phi_ts = get(Ksym,"Kts")
    
    println("Writing p2constants.jld")
    
    jldopen("p2constants.jld","w") do file
        write(file,"quadrature_weights",quadrature_weights)
        write(file,"r",r)
        write(file,"s",s)
        write(file,"t",t)
        write(file,"EToV_local",EToV_local)
        write(file,"d_Phi_rr",d_Phi_rr)
        write(file,"d_Phi_rs",d_Phi_rs)
        write(file,"d_Phi_rt",d_Phi_rt)
        write(file,"d_Phi_ss",d_Phi_ss)
        write(file,"d_Phi_st",d_Phi_st)
        write(file,"d_Phi_tt",d_Phi_tt)

        write(file,"d_Phi_sr",d_Phi_sr)
        write(file,"d_Phi_tr",d_Phi_tr)
        write(file,"d_Phi_ts",d_Phi_ts)
    end
    
end


function buildP3constants_mat()

    (quadrature_weights,r,s,t) = nodes_and_weights_tetP3()
    EToV_local = nodal_elements_tetP3()

    # rebuilt
    println("Reading matlab-derived matrices")
    file = matopen("Kall.mat")
    d_Phi_rr = 6*read(file,"Krr")
    d_Phi_rs = 6*read(file,"Krs")
    d_Phi_rt = 6*read(file,"Krt")
    d_Phi_ss = 6*read(file,"Kss")
    d_Phi_st = 6*read(file,"Kst")
    d_Phi_tt = 6*read(file,"Ktt")
    close(file)
    
    if isfile("Ksym.mat")
        Ksym = matopen("Ksym_p3tetrahedra.npz")
        d_Phi_sr = 6*read(Ksym,"Ksr")
        d_Phi_tr = 6*read(Ksym,"Ktr")
        d_Phi_ts = 6*read(Ksym,"Kts")
    else
        # take advantage of symmetry if file is not there
        d_Phi_sr = d_Phi_rs'
        d_Phi_tr = d_Phi_rt'
        d_Phi_ts = d_Phi_st'
    end
    
    # used quadrature rule for building K
    # Kall = np.load("Kquad_p3tetrahedra.npz")
    # d_Phi_rr = get(Kall,"Krr")
    # d_Phi_rs = get(Kall,"Krs")
    # d_Phi_rt = get(Kall,"Krt")
    # d_Phi_ss = get(Kall,"Kss")
    # d_Phi_st = get(Kall,"Kst")
    # d_Phi_tt = get(Kall,"Ktt")
    # d_Phi_sr = get(Kall,"Ksr")
    # d_Phi_tr = get(Kall,"Ktr")
    # d_Phi_ts = get(Kall,"Kts")
    
    println("Writing p3constants.jld")
    
    jldopen("p3constants.jld","w") do file
        write(file,"quadrature_weights",quadrature_weights)
        write(file,"r",r)
        write(file,"s",s)
        write(file,"t",t)
        write(file,"EToV_local",EToV_local)
        write(file,"d_Phi_rr",d_Phi_rr)
        write(file,"d_Phi_rs",d_Phi_rs)
        write(file,"d_Phi_rt",d_Phi_rt)
        write(file,"d_Phi_ss",d_Phi_ss)
        write(file,"d_Phi_st",d_Phi_st)
        write(file,"d_Phi_tt",d_Phi_tt)
        write(file,"d_Phi_sr",d_Phi_sr)
        write(file,"d_Phi_tr",d_Phi_tr)
        write(file,"d_Phi_ts",d_Phi_ts)
        
    end
    
end

function buildK_withquadrature(tet)

        
    if !isfile("rebuildK_quadrature.jld")
        println("Rebuilding K with quadrature")    
        
        r,s,t = symbols("r s t")    
        phi = buildPhi((r,s,t),tet)
        npts = length(phi)

        d_Phi_rr = zeros(npts,npts)
        d_Phi_rs = zeros(npts,npts)
        d_Phi_rt = zeros(npts,npts)
        d_Phi_ss = zeros(npts,npts)
        d_Phi_st = zeros(npts,npts)
        d_Phi_tt = zeros(npts,npts)

        p = Progress(npts,5)
        
        for i=1:npts
            d_phi_i_r = diff(phi[i],r)        
            d_phi_i_s = diff(phi[i],s)
            d_phi_i_t = diff(phi[i],t)
            d_phi_i_r_n = zeros(npts)
            d_phi_i_s_n = zeros(npts)
            d_phi_i_t_n = zeros(npts)
            for n=1:npts
                d_phi_i_r_n[n] = subs(d_phi_i_r,(r,tet.r[n]),(s,tet.s[n]),(t,tet.t[n]))
                d_phi_i_s_n[n] = subs(d_phi_i_s,(r,tet.r[n]),(s,tet.s[n]),(t,tet.t[n]))
                d_phi_i_t_n[n] = subs(d_phi_i_t,(r,tet.r[n]),(s,tet.s[n]),(t,tet.t[n]))
            end
            
            for j=1:npts
                d_phi_j_r = diff(phi[j],r)
                d_phi_j_s = diff(phi[j],s)
                d_phi_j_t = diff(phi[j],t)

                d_phi_j_r_n = zeros(npts)
                d_phi_j_s_n = zeros(npts)
                d_phi_j_t_n = zeros(npts)
                for n=1:npts
                    d_phi_j_r_n[n] = subs(d_phi_j_r,(r,tet.r[n]),(s,tet.s[n]),(t,tet.t[n]))
                    d_phi_j_s_n[n] = subs(d_phi_j_s,(r,tet.r[n]),(s,tet.s[n]),(t,tet.t[n]))
                    d_phi_j_t_n[n] = subs(d_phi_j_t,(r,tet.r[n]),(s,tet.s[n]),(t,tet.t[n]))
                end

                # integral(phi*phi) =~= m_k*sum(q_k.*(phi.*phi)) (m_k=1/6)
                # sum written using dot product
                d_Phi_rr[i,j] = 6*dot(d_phi_i_r_n .* d_phi_j_r_n,1/6*tet.quadrature_weights)

                exact_d_Phi_rr = 6*integrate(d_phi_i_r*d_phi_j_r,(r,0,1-s-t),(s,0,1-t),(t,0,1))

                println("exact vs. quadrature = $(exact_d_Phi_rr) vs. $(d_Phi_rr[i,j])")

                d_Phi_rs[i,j] = dot(d_phi_i_r_n .* d_phi_j_s_n,1/6*tet.quadrature_weights)
                d_Phi_rt[i,j] = dot(d_phi_i_r_n .* d_phi_j_t_n,1/6*tet.quadrature_weights)
                d_Phi_ss[i,j] = dot(d_phi_i_s_n .* d_phi_j_s_n,1/6*tet.quadrature_weights)
                d_Phi_st[i,j] = dot(d_phi_i_s_n .* d_phi_j_t_n,1/6*tet.quadrature_weights)
                d_Phi_tt[i,j] = dot(d_phi_i_t_n .* d_phi_j_t_n,1/6*tet.quadrature_weights)
                
            end
            next!(p)
        end
        
        # take advantage of symmetry
        d_Phi_sr = d_Phi_rs'
        d_Phi_tr = d_Phi_rt'
        d_Phi_ts = d_Phi_st'

        jldopen("rebuildK_quadrature.jld","w") do file
            
            write(file,"d_Phi_rr",d_Phi_rr)
            write(file,"d_Phi_rs",d_Phi_rs)
            write(file,"d_Phi_rt",d_Phi_rt)
            write(file,"d_Phi_ss",d_Phi_ss)
            write(file,"d_Phi_st",d_Phi_st)
            write(file,"d_Phi_tt",d_Phi_tt)
            write(file,"d_Phi_sr",d_Phi_sr)
            write(file,"d_Phi_tr",d_Phi_tr)
            write(file,"d_Phi_ts",d_Phi_ts)
            
        end

        return Tetrahedra(3,length(tet.r),tet.r,tet.s,tet.t,tet.quadrature_weights,tet.cfl_factor,
                              d_Phi_rr,d_Phi_rs,d_Phi_sr,d_Phi_rt,d_Phi_tr,d_Phi_ss,d_Phi_st,d_Phi_ts,d_Phi_tt,
                              tet.EToV_local)
        
    else

        println("Loading K built with quadrature")
        
        jldopen("rebuildK_quadrature.jld","r") do file
            
            d_Phi_rr = read(file,"d_Phi_rr")
            d_Phi_rs = read(file,"d_Phi_rs")
            d_Phi_rt = read(file,"d_Phi_rt")
            d_Phi_ss = read(file,"d_Phi_ss")
            d_Phi_st = read(file,"d_Phi_st")
            d_Phi_tt = read(file,"d_Phi_tt")
            d_Phi_sr = read(file,"d_Phi_sr")
            d_Phi_tr = read(file,"d_Phi_tr")
            d_Phi_ts = read(file,"d_Phi_ts")

            return Tetrahedra(3,length(tet.r),tet.r,tet.s,tet.t,tet.quadrature_weights,tet.cfl_factor,
                              d_Phi_rr,d_Phi_rs,d_Phi_sr,d_Phi_rt,d_Phi_tr,d_Phi_ss,d_Phi_st,d_Phi_ts,d_Phi_tt,
                              tet.EToV_local)
                        
        end
    end
    
end

function buildP3constants()

    (quadrature_weights,r,s,t) = nodes_and_weights_tetP3()
    EToV_local = nodal_elements_tetP3()

    if isfile("K_quadrature_p3tetrahedra.npz")
        println("Using quadrature-built K from python")
        Kall = np.load("K_quadrature_p3tetrahedra.npz")
        d_Phi_rr = 6*get(Kall,"Krr")
        d_Phi_rs = 6*get(Kall,"Krs")
        d_Phi_rt = 6*get(Kall,"Krt")
        d_Phi_ss = 6*get(Kall,"Kss")
        d_Phi_st = 6*get(Kall,"Kst")
        d_Phi_tt = 6*get(Kall,"Ktt")

        Kall_e = np.load("K_p3tetrahedra.npz")
        d_Phi_rr_e = get(Kall,"Krr")
        d_Phi_rs_e = get(Kall,"Krs")
        d_Phi_rt_e = get(Kall,"Krt")
        d_Phi_ss_e = get(Kall,"Kss")
        d_Phi_st_e = get(Kall,"Kst")
        d_Phi_tt_e = get(Kall,"Ktt")    

        println("")
        
        # take advantage of symmetry
        d_Phi_sr = d_Phi_rs'
        d_Phi_tr = d_Phi_rt'
        d_Phi_ts = d_Phi_st'
        
    else

        # prebuilt in python
        Kall = np.load("K_p3tetrahedra.npz")
        d_Phi_rr = get(Kall,"Krr")
        d_Phi_rs = get(Kall,"Krs")
        d_Phi_rt = get(Kall,"Krt")
        d_Phi_ss = get(Kall,"Kss")
        d_Phi_st = get(Kall,"Kst")
        d_Phi_tt = get(Kall,"Ktt")    

        if isfile("Ksym_p3tetrahedra.npz")
            Ksym = np.load("Ksym_p3tetrahedra.npz")
            d_Phi_sr = get(Ksym,"Ksr")
            d_Phi_tr = get(Ksym,"Ktr")
            d_Phi_ts = get(Ksym,"Kts")
        else
            # take advantage of symmetry if file is not there
            d_Phi_sr = d_Phi_rs'
            d_Phi_tr = d_Phi_rt'
            d_Phi_ts = d_Phi_st'
        end
        
        
    end
    
    println("Writing p3constants.jld")
    
    jldopen("p3constants.jld","w") do file
        write(file,"quadrature_weights",quadrature_weights)
        write(file,"r",r)
        write(file,"s",s)
        write(file,"t",t)
        write(file,"EToV_local",EToV_local)
        write(file,"d_Phi_rr",d_Phi_rr)
        write(file,"d_Phi_rs",d_Phi_rs)
        write(file,"d_Phi_rt",d_Phi_rt)
        write(file,"d_Phi_ss",d_Phi_ss)
        write(file,"d_Phi_st",d_Phi_st)
        write(file,"d_Phi_tt",d_Phi_tt)
        write(file,"d_Phi_sr",d_Phi_sr)
        write(file,"d_Phi_tr",d_Phi_tr)
        write(file,"d_Phi_ts",d_Phi_ts)
        
    end
    
end

function nodes_and_weights_tetP2()

    # reference weights from MJS Chin-Joe-Kong et al (1999)
    # weights are given based on reference triangle with V=1/6, which need to be normalized
    w0 = (13-3*sqrt(13))/10080*6 # corners 4
    wa = (4-sqrt(13))/315*6 # edges 6
    wb = (29+17*sqrt(13))/10080*6 # faces 12
    wc = (16/315)*6 # center 1

    quadrature_weights = [w0, w0, w0, w0, # corners
                          wa, wa, wa, wa, wa, wa, # edges
                          wb, wb, wb, wb, wb, wb, # faces...
                          wb, wb, wb, wb, wb, wb, # faces
                          wc] # center

    RST = np.load("RST_p2tetrahedra.npz")
    r = get(RST,"r")
    s = get(RST,"s")
    t = get(RST,"t")

    (quadrature_weights,r,s,t)
    
end
    
function nodes_and_weights_tetP3()
    # reference weights from MJS Chin-Joe-Kong et al (1999)
    # weights are given based on reference triangle with V=1/6, which need to be normalized
    w0 = 0.2143608668049743e-03*6
    wa = 0.8268179517797114e-03*6
    wb1 = 0.1840177904191860e-02*6
    wb2 = 0.1831324329245650e-02*6
    wg = 0.7542468904648131e-02*6
    wd = 0.1360991755970793e-01*6
    
    quadrature_weights = np.asarray([w0, w0, w0, w0,
                                     wa, wa, wa, wa,
                                     wa, wa, wa, wa,
                                     wa, wa, wa, wa,
                                     wb1, wb1, wb1, wb1,
                                     wb1, wb1, wb1, wb1,
                                     wb1, wb1, wb1, wb1,
                                     wb2, wb2, wb2, wb2,
                                     wb2, wb2, wb2, wb2,
                                     wb2, wb2, wb2, wb2,
                                     wg, wg, wg, wg,
                                     wd, wd, wd, wd, wd, wd])

    if isfile("M_p3tetrahedra.npz")
        Ml = np.load("M_p3tetrahedra.npz")
        M = get(Ml,"M")

        quadrature_weights_new = zeros(length(quadrature_weights))
        for i=1:length(quadrature_weights)
            quadrature_weights_new[i] = sum(M[i,:])
        end
        
        diff_paper_vs_recomputed = abs(quadrature_weights - quadrature_weights_new)
        println("max = $(maximum(diff_paper_vs_recomputed)) of $(diff_paper_vs_recomputed)")

        println("M[1,1:3]=$(M[1,1:3])")
        println("quadalt[1]=$(quadrature_weights_new[1])")
        println("quadrature_weights[47] = $(quadrature_weights[47])")
        
    end
        
    println("Reloading (r,s,t) for P3")
    RST = np.load("RST_p3tetrahedra.npz")
    r = get(RST,"r")
    s = get(RST,"s")
    t = get(RST,"t")
    
    return (quadrature_weights,r,s,t)
end

function nodal_elements_tetP2()
    EToV_local = Vector{Int}[]
    # +1 for julia indexing
    push!(EToV_local,[22,   20,   21,   19]+1)
    push!(EToV_local,[20,    8,   21,    7]+1)
    push!(EToV_local,[ 9,   21,    7,   19]+1)
    push!(EToV_local,[ 2,   20,   12,    7]+1)
    push!(EToV_local,[13,   10,    0,   16]+1)
    push!(EToV_local,[13,   22,   10,   16]+1)
    push!(EToV_local,[20,   22,   12,    7]+1)
    push!(EToV_local,[22,   20,    8,   21]+1)
    push!(EToV_local,[ 1,   14,   11,    4]+1)
    push!(EToV_local,[10,    0,   16,    5]+1)
    push!(EToV_local,[22,   10,   16,    5]+1)
    push!(EToV_local,[22,   16,   18,    5]+1)
    push!(EToV_local,[ 0,   13,   16,    6]+1)
    push!(EToV_local,[18,   22,    5,   20]+1)
    push!(EToV_local,[15,   17,   21,    6]+1)
    push!(EToV_local,[22,   10,    5,   12]+1)
    push!(EToV_local,[22,    5,   20,   12]+1)
    push!(EToV_local,[18,    2,   20,   12]+1)
    push!(EToV_local,[ 5,   18,   20,   12]+1)
    push!(EToV_local,[18,    5,    2,   12]+1)
    push!(EToV_local,[15,   17,    3,   21]+1)
    push!(EToV_local,[17,   15,    3,    6]+1)
    push!(EToV_local,[14,    1,   11,   19]+1)
    push!(EToV_local,[17,   22,    8,   21]+1)
    push!(EToV_local,[22,   11,    7,   19]+1)
    push!(EToV_local,[ 3,   17,    8,   21]+1)
    push!(EToV_local,[ 2,   18,   20,    8]+1)
    push!(EToV_local,[18,   22,   20,    8]+1)
    push!(EToV_local,[22,   16,   17,    8]+1)
    push!(EToV_local,[16,   22,   18,    8]+1)
    push!(EToV_local,[ 1,   14,    9,   19]+1)
    push!(EToV_local,[22,   15,   21,    6]+1)
    push!(EToV_local,[22,   13,   15,    6]+1)
    push!(EToV_local,[16,   22,   17,    6]+1)
    push!(EToV_local,[17,   22,   21,    6]+1)
    push!(EToV_local,[13,   22,   16,    6]+1)
    push!(EToV_local,[20,   22,    7,   19]+1)
    push!(EToV_local,[21,    8,    9,    7]+1)
    push!(EToV_local,[10,   13,    0,    4]+1)
    push!(EToV_local,[11,   14,   19,    4]+1)
    push!(EToV_local,[ 3,   15,   21,    9]+1)
    push!(EToV_local,[21,   20,    7,   19]+1)
    push!(EToV_local,[ 8,    3,   21,    9]+1)
    push!(EToV_local,[22,   21,    9,   19]+1)
    push!(EToV_local,[20,    2,    8,    7]+1)
    push!(EToV_local,[15,   22,   21,    9]+1)
    push!(EToV_local,[ 1,    9,    7,   19]+1)
    push!(EToV_local,[22,   13,   14,    9]+1)
    push!(EToV_local,[13,   22,   15,    9]+1)
    push!(EToV_local,[11,    1,    7,   19]+1)
    push!(EToV_local,[14,   22,    9,   19]+1)
    push!(EToV_local,[10,   22,   11,    7]+1)
    push!(EToV_local,[22,   10,   12,    7]+1)
    push!(EToV_local,[22,   11,   19,    4]+1)
    push!(EToV_local,[22,   10,   11,    4]+1)
    push!(EToV_local,[13,   22,   14,    4]+1)
    push!(EToV_local,[14,   22,   19,    4]+1)
    push!(EToV_local,[22,   13,   10,    4]+1)

end
    
# reference element with nodes is "meshed" with nodes as vertices. This allows for higher-order visualization across all nodes.
function nodal_elements_tetP3()
    # 171 elements in 3rd order tetrahedra
    EToV_local = Vector{Int}[]
    # +1 for julia indexing
    push!(EToV_local,[8, 19, 44, 32]+1)
    push!(EToV_local,[9, 23, 43, 21]+1)
    push!(EToV_local,[0, 19, 40, 8]+1)
    push!(EToV_local,[22, 0, 40, 8]+1)
    push!(EToV_local,[32, 19, 49, 31]+1)
    push!(EToV_local,[22, 48, 46, 35]+1)
    push!(EToV_local,[19, 0, 40, 4]+1)
    push!(EToV_local,[8, 22, 36, 44]+1)
    push!(EToV_local,[47, 16, 46, 29]+1)
    push!(EToV_local,[40, 22, 8, 44]+1)
    push!(EToV_local,[19, 40, 8, 44]+1)
    push!(EToV_local,[36, 8, 44, 32]+1)
    push!(EToV_local,[19, 44, 32, 49]+1)
    push!(EToV_local,[4, 45, 33, 30]+1)
    push!(EToV_local,[37, 26, 27, 25]+1)
    push!(EToV_local,[45, 19, 4, 33]+1)
    push!(EToV_local,[26, 39, 18, 14]+1)
    push!(EToV_local,[34, 37, 48, 24]+1)
    push!(EToV_local,[49, 31, 38, 21]+1)
    push!(EToV_local,[39, 28, 18, 14]+1)
    push!(EToV_local,[49, 31, 33, 20]+1)
    push!(EToV_local,[38, 39, 37, 25]+1)
    push!(EToV_local,[27, 43, 21, 7]+1)
    push!(EToV_local,[38, 31, 20, 6]+1)
    push!(EToV_local,[37, 34, 23, 13]+1)
    push!(EToV_local,[19, 44, 49, 45]+1)
    push!(EToV_local,[47, 49, 37, 48]+1)
    push!(EToV_local,[19, 40, 44, 45]+1)
    push!(EToV_local,[0, 16, 40, 4]+1)
    push!(EToV_local,[40, 16, 45, 4]+1)
    push!(EToV_local,[19, 40, 45, 4]+1)
    push!(EToV_local,[49, 19, 45, 33]+1)
    push!(EToV_local,[19, 49, 31, 33]+1)
    push!(EToV_local,[16, 45, 4, 30]+1)
    push!(EToV_local,[16, 46, 29, 10]+1)
    push!(EToV_local,[23, 13, 9, 43]+1)
    push!(EToV_local,[44, 49, 45, 47]+1)
    push!(EToV_local,[37, 34, 48, 23]+1)
    push!(EToV_local,[35, 29, 10, 11]+1)
    push!(EToV_local,[34, 48, 35, 24]+1)
    push!(EToV_local,[18, 26, 14, 42]+1)
    push!(EToV_local,[32, 36, 9, 21]+1)
    push!(EToV_local,[29, 46, 35, 10]+1)
    push!(EToV_local,[28, 16, 47, 29]+1)
    push!(EToV_local,[38, 39, 47, 37]+1)
    push!(EToV_local,[16, 45, 30, 47]+1)
    push!(EToV_local,[16, 30, 28, 47]+1)
    push!(EToV_local,[44, 49, 47, 48]+1)
    push!(EToV_local,[22, 34, 48, 35]+1)
    push!(EToV_local,[49, 38, 47, 37]+1)
    push!(EToV_local,[13, 9, 43, 3]+1)
    push!(EToV_local,[46, 22, 35, 10]+1)
    push!(EToV_local,[15, 41, 17, 5]+1)
    push!(EToV_local,[33, 4, 30, 5]+1)
    push!(EToV_local,[36, 22, 34, 48]+1)
    push!(EToV_local,[22, 36, 44, 48]+1)
    push!(EToV_local,[0, 22, 40, 10]+1)
    push!(EToV_local,[44, 22, 48, 46]+1)
    push!(EToV_local,[38, 37, 27, 25]+1)
    push!(EToV_local,[47, 44, 48, 46]+1)
    push!(EToV_local,[40, 22, 44, 46]+1)
    push!(EToV_local,[48, 37, 26, 24]+1)
    push!(EToV_local,[45, 44, 47, 46]+1)
    push!(EToV_local,[16, 45, 47, 46]+1)
    push!(EToV_local,[40, 44, 45, 46]+1)
    push!(EToV_local,[16, 40, 45, 46]+1)
    push!(EToV_local,[11, 18, 14, 42]+1)
    push!(EToV_local,[2, 11, 14, 42]+1)
    push!(EToV_local,[49, 38, 27, 21]+1)
    push!(EToV_local,[16, 0, 40, 10]+1)
    push!(EToV_local,[40, 22, 46, 10]+1)
    push!(EToV_local,[16, 40, 46, 10]+1)
    push!(EToV_local,[15, 6, 1, 25]+1)
    push!(EToV_local,[35, 48, 26, 24]+1)
    push!(EToV_local,[24, 26, 18, 42]+1)
    push!(EToV_local,[34, 36, 48, 23]+1)
    push!(EToV_local,[31, 38, 7, 6]+1)
    push!(EToV_local,[39, 47, 37, 26]+1)
    push!(EToV_local,[46, 47, 29, 26]+1)
    push!(EToV_local,[46, 29, 35, 26]+1)
    push!(EToV_local,[37, 26, 24, 12]+1)
    push!(EToV_local,[37, 47, 48, 26]+1)
    push!(EToV_local,[48, 47, 46, 26]+1)
    push!(EToV_local,[48, 46, 35, 26]+1)
    push!(EToV_local,[47, 29, 26, 18]+1)
    push!(EToV_local,[47, 28, 29, 18]+1)
    push!(EToV_local,[39, 28, 47, 18]+1)
    push!(EToV_local,[39, 47, 26, 18]+1)
    push!(EToV_local,[29, 35, 26, 18]+1)
    push!(EToV_local,[26, 35, 24, 18]+1)
    push!(EToV_local,[35, 11, 24, 18]+1)
    push!(EToV_local,[35, 29, 11, 18]+1)
    push!(EToV_local,[11, 24, 18, 42]+1)
    push!(EToV_local,[34, 37, 24, 12]+1)
    push!(EToV_local,[24, 26, 42, 12]+1)
    push!(EToV_local,[11, 24, 42, 12]+1)
    push!(EToV_local,[2, 11, 42, 12]+1)
    push!(EToV_local,[26, 2, 14, 12]+1)
    push!(EToV_local,[14, 2, 42, 12]+1)
    push!(EToV_local,[26, 14, 42, 12]+1)
    push!(EToV_local,[38, 27, 21, 7]+1)
    push!(EToV_local,[38, 27, 6, 25]+1)
    push!(EToV_local,[31, 38, 21, 7]+1)
    push!(EToV_local,[2, 26, 14, 1]+1)
    push!(EToV_local,[39, 28, 14, 15]+1)
    push!(EToV_local,[32, 49, 27, 21]+1)
    push!(EToV_local,[36, 8, 32, 9]+1)
    push!(EToV_local,[34, 37, 12, 13]+1)
    push!(EToV_local,[13, 23, 27, 43]+1)
    push!(EToV_local,[23, 27, 43, 21]+1)
    push!(EToV_local,[49, 32, 31, 21]+1)
    push!(EToV_local,[36, 23, 9, 21]+1)
    push!(EToV_local,[23, 37, 13, 27]+1)
    push!(EToV_local,[31, 49, 38, 20]+1)
    push!(EToV_local,[37, 26, 12, 27]+1)
    push!(EToV_local,[37, 12, 13, 27]+1)
    push!(EToV_local,[26, 2, 12, 27]+1)
    push!(EToV_local,[12, 2, 13, 27]+1)
    push!(EToV_local,[44, 32, 49, 27]+1)
    push!(EToV_local,[44, 36, 32, 27]+1)
    push!(EToV_local,[48, 37, 23, 27]+1)
    push!(EToV_local,[49, 38, 37, 27]+1)
    push!(EToV_local,[36, 44, 48, 27]+1)
    push!(EToV_local,[36, 48, 23, 27]+1)
    push!(EToV_local,[49, 37, 48, 27]+1)
    push!(EToV_local,[44, 49, 48, 27]+1)
    push!(EToV_local,[36, 32, 27, 21]+1)
    push!(EToV_local,[23, 36, 27, 21]+1)
    push!(EToV_local,[2, 13, 27, 3]+1)
    push!(EToV_local,[13, 27, 3, 7]+1)
    push!(EToV_local,[27, 13, 43, 7]+1)
    push!(EToV_local,[43, 13, 3, 7]+1)
    push!(EToV_local,[9, 43, 3, 7]+1)
    push!(EToV_local,[43, 9, 21, 7]+1)
    push!(EToV_local,[41, 15, 1, 5]+1)
    push!(EToV_local,[26, 14, 1, 25]+1)
    push!(EToV_local,[6, 27, 1, 25]+1)
    push!(EToV_local,[41, 15, 6, 1]+1)
    push!(EToV_local,[14, 15, 1, 25]+1)
    push!(EToV_local,[30, 28, 47, 17]+1)
    push!(EToV_local,[39, 28, 15, 17]+1)
    push!(EToV_local,[28, 39, 47, 17]+1)
    push!(EToV_local,[6, 41, 1, 5]+1)
    push!(EToV_local,[20, 41, 6, 5]+1)
    push!(EToV_local,[38, 27, 7, 6]+1)
    push!(EToV_local,[27, 3, 7, 1]+1)
    push!(EToV_local,[27, 7, 6, 1]+1)
    push!(EToV_local,[26, 39, 14, 25]+1)
    push!(EToV_local,[14, 39, 15, 25]+1)
    push!(EToV_local,[15, 41, 6, 25]+1)
    push!(EToV_local,[37, 39, 26, 25]+1)
    push!(EToV_local,[33, 30, 17, 5]+1)
    push!(EToV_local,[17, 41, 20, 5]+1)
    push!(EToV_local,[33, 17, 20, 5]+1)
    push!(EToV_local,[20, 38, 6, 25]+1)
    push!(EToV_local,[41, 20, 6, 25]+1)
    push!(EToV_local,[41, 15, 17, 25]+1)
    push!(EToV_local,[15, 39, 17, 25]+1)
    push!(EToV_local,[41, 17, 20, 25]+1)
    push!(EToV_local,[39, 38, 47, 25]+1)
    push!(EToV_local,[39, 47, 17, 25]+1)
    push!(EToV_local,[49, 38, 20, 25]+1)
    push!(EToV_local,[17, 33, 20, 25]+1)
    push!(EToV_local,[49, 45, 47, 25]+1)
    push!(EToV_local,[38, 49, 47, 25]+1)
    push!(EToV_local,[45, 30, 47, 25]+1)
    push!(EToV_local,[47, 30, 17, 25]+1)
    push!(EToV_local,[45, 49, 33, 25]+1)
    push!(EToV_local,[33, 49, 20, 25]+1)
    push!(EToV_local,[45, 33, 30, 25]+1)
    push!(EToV_local,[30, 33, 17, 25]+1)
    return EToV_local
end

function K_matrices_tetP3()
    println("Loading copy-pasted Krr/etc for P3 element")
    d_Phi_rr = [0.176419716293125 0.00334913779050799 -0.0122095971462740 -0.0122095981291751 -0.125409694961490 0.0511810181725991 -0.00222837496747275 -0.00848573685713561 0.205537453075138 -0.0740590013938345 0.205537451695553 -0.0740590025798724 -0.0176958349239840 -0.0176958367013782 -0.00848573627105509 -0.00222837410296961 0.280555927838122 -0.00986989221665979 0.213991352735320 0.280555916752292 -0.00986988256201471 0.213991353073652 0.624705037988839 0.292914068537357 0.292914070874090 0.0930466062818596 -0.206988040395650 -0.206988071076069 0.0208812348189440 -0.359104943554371 -0.0768725001546500 0.0208812440255315 -0.359104921015728 -0.0768724965832988 -0.335570485346125 -0.313100820477150 -0.313100809225318 0.342095819494261 0.0307408708877048 0.0307408990643125 -0.943330372628679 -0.0864116095635836 0.0572767109116512 0.0572767154876601 0.100822148493535 0.256807136101969 0.100822138449558 -0.127056424552279 -0.0469795097760652 -0.127056428513015;
0.00334913779050799 0.251744407258712 0.0112963620209428 0.0112963615727040 0.0660817840209802 -0.0475990097147037 0.151243243955520 -0.0644290898133697 -0.0217909693276397 -0.00276921803079144 -0.0217909696129368 -0.00276922934153845 -0.0286092883411584 -0.0286092879953230 -0.0644290937339349 0.151243241794646 -0.0198141421285527 0.146595797911687 -0.0381762352878496 -0.0198141434933916 0.146595806652044 -0.0381762380784494 0.167773053113706 -0.0408105638125562 -0.0408105602566593 0.578628529403439 0.102513945587759 0.102513944450035 -0.0538243468440669 0.132021051322681 -0.121349783887581 -0.0538243395565203 0.132021053412700 -0.121349786153587 0.220899487809220 -0.0466937107630656 -0.0466937188516567 -0.0942352738420595 -0.205892250218312 -0.205892268205844 -0.0953966158876938 -1.05505556032040 0.0626930938444730 0.0626930978341989 -0.140993819082496 0.290264143280297 -0.140993786746549 0.119350804765190 -0.167575767522067 0.119350802948006;
-0.0122095971462740 0.0112963620209428 0.0582851805395421 -0.00250642602848572 -0.0469541170475054 0.00191747396388564 -0.0204230391768760 -0.0380214114852606 -0.0353993264363925 -0.0180338978539112 0.0170239670610499 0.00259370952448990 -0.0100954752804299 -0.0203381810282508 0.0282969992257911 -0.0471685481848279 -0.0691685599040284 -0.116558994483057 0.205420048897281 0.0307293218189955 -0.0997434114078715 -0.0979920095765010 -0.227024921148772 -0.137908934744075 0.281693097895186 -0.120592891718331 0.125108858029336 -0.113855595466134 -0.0197395638330136 -0.0989012843051640 0.178394774524349 0.148201065403782 -0.0308090119312965 -0.00175156027034973 0.0541751450691805 0.0849106845935239 0.186704176922376 0.175154065651896 0.0146955803002129 0.159871958449799 0.180503698633402 0.137204312822178 -0.560731250350727 0.221780370027545 0.0409078420716469 -0.0937164861736619 -0.00263881993214454 0.0209924479952335 -0.368219735642612 0.0446418934961912;
-0.0122095981291751 0.0112963615727040 -0.00250642602848572 0.0582851803265498 -0.0469541169473189 0.00191747534040587 -0.0471685491802276 0.0282970014660008 0.0170239663615801 0.00259370886385568 -0.0353993253727367 -0.0180338999480227 -0.0203381807888263 -0.0100954751587778 -0.0380214116253192 -0.0204230391165510 0.0307293323248850 -0.0997433905147336 -0.0979920255293827 -0.0691685606033730 -0.116559002469735 0.205420049151145 -0.227024913972400 0.281693101758264 -0.137908937893370 -0.120592904565004 -0.113855572802205 0.125108862644540 0.148201076799978 -0.0308090367161640 -0.00175155946953964 -0.0197395689901896 -0.0989012663508220 0.178394761410345 0.0541751552882488 0.186704180945185 0.0849106882524211 0.175154081776896 0.159871947542342 0.0146955663627750 0.180503665334342 0.137204324937670 0.221780370404332 -0.560731241843314 -0.00263882409308280 -0.0937164670058319 0.0409078411084920 0.0446418931919652 -0.368219735186017 0.0209924634475556;
-0.125409694961490 0.0660817840209802 -0.0469541170475054 -0.0469541169473189 0.941227857528247 -0.324767205979697 0.0336493785437142 0.0337857709860145 -0.226738423968072 0.266430412011914 -0.226738423159290 0.266430417829724 0.0318837800541587 0.0318837709439634 0.0337857752902835 0.0336493741017474 -0.193667337729494 1.30520363926827 -0.695473448116005 -0.193667323429509 1.30520364808592 -0.695473431934261 1.89594468287032 -0.469310192187550 -0.469310189243174 -0.596412020881758 0.719110221329402 0.719110085607099 -0.670086801812189 1.26765501615944 -1.00105627692562 -0.670086777614415 1.26765502818532 -1.00105626706727 1.32967387538974 -1.22602679842475 -1.22602692903456 -2.04831064900645 0.534945844286085 0.534945798469380 -0.917500522345108 -0.835811036185589 0.149734167159068 0.149734108506891 -0.0907687840490325 0.698273085046822 -0.0907688320335183 -0.111899579388479 0.696177251950758 -0.111899565609690;
0.0511810181725991 -0.0475990097147037 0.00191747396388564 0.00191747534040587 -0.324767205979697 0.245203107188956 0.00655031255314498 -0.0129758680900522 0.0796913659409881 -0.103650791834298 0.0796913396955929 -0.103650780341241 -0.0282598538640286 -0.0282598390335025 -0.0129758760184728 0.00655031726546618 0.288799652471653 -0.123166477211612 0.333149935675706 0.288799678418854 -0.123166465117436 0.333149911317378 -0.538959896689448 0.129853721395197 0.129853722299231 0.617666303698570 -0.188445506453036 -0.188445551735640 0.0996967811283938 -0.526489929376112 0.0600245705245470 0.0996967862846532 -0.526489927669871 0.0600245897191982 -0.419071648131663 0.445742944681115 0.445743057424806 0.727908040186321 -0.373123669851338 -0.373123699573611 0.0194665405415426 -0.330801808035176 0.0117567360757675 0.0117567987199454 -0.0455892369618596 0.0807846504058034 -0.0455892269312699 0.0604127984370288 -0.312800267487944 0.0604128176345284;
-0.00222837496747275 0.151243243955520 -0.0204230391768760 -0.0471685491802276 0.0336493785437142 0.00655031255314498 0.757382425955711 0.0267092087560741 0.0266385190756182 -0.0355784640488537 -0.100062517046808 0.0270827634893749 -0.00365134191997640 0.0106116867538049 0.0494802116654682 0.186271079499193 0.253233105441723 0.511655614837082 0.0950332307047574 -0.200772028541905 0.0176133008408215 0.161406872881344 0.168660013022873 0.117072529232246 0.0694515485947704 1.12980431157939 0.493995633674785 0.0875126841947349 -0.267437206597391 -0.00491351217507230 -0.445385881419725 -0.775045586327906 0.199108404247454 0.138788653938777 -0.103078376076155 0.0515403349832031 -0.183942857967850 -0.313091665670754 -0.134933855348201 -0.873352843664490 -0.0361319382463989 -1.36989345730643 -0.185470171169072 0.123116071983535 -0.128375293138562 0.247468116142045 -0.188915664379238 0.305969258264668 0.200550914479209 -0.227746789867524;
-0.00848573685713561 -0.0644290898133697 -0.0380214114852606 0.0282970014660008 0.0337857709860145 -0.0129758680900522 0.0267092087560741 0.757444579599905 -0.0956137724740813 -0.0484953030664885 0.0403764174959633 -0.0315173694625628 0.0405647035514676 0.0638771686861901 -0.0143515140252939 0.0494802146583808 -0.273897019706538 0.0129741268956423 0.0169699834250405 -0.0467439204148832 0.160512170236871 -0.481960263088695 -0.128136559842460 0.0164141359236964 -0.0364233961940954 0.149488455841492 0.311147003398219 1.32779355015373 -0.219879207744668 0.184084280248499 0.173107224993714 -0.118255186481178 0.299004730150045 -0.161882908665575 -0.0159458322568753 -0.0545741902900687 0.285307949548951 -0.759697298482934 -0.319883873402432 -0.227675666096843 0.216795258083266 0.0526417868204581 0.0930921459366800 -1.21732465223613 -0.136102494827469 -0.0463111203289372 -0.0684860640003535 0.167197242608381 0.165887695029141 -0.0458831258729333;
0.205537453075138 -0.0217909693276397 -0.0353993264363925 0.0170239663615801 -0.226738423968072 0.0796913659409881 0.0266385190756182 -0.0956137724740813 1.22489567488083 -0.198725446395187 -0.169329069003027 0.0888453940870022 -0.0260361704539491 -0.00404950946113836 0.0403764188663445 -0.100062520457872 1.60534678352630 -0.117546641553872 -0.349790272785015 -1.08240341048558 -0.671010001848884 1.01935955358626 0.700934315446645 1.44307179517727 -0.524859402211860 0.158780780353482 0.571771217581045 -0.927831171548860 1.15988934646521 -0.990437723715466 -1.19983593115830 -0.624235396479946 -0.652712279837488 1.59634156064203 -0.663808466032606 0.636508105809298 -1.06369855830422 0.580712048003874 0.966348326034222 -1.15484917845513 -1.20022882062403 0.334223476875195 0.240568955161507 -0.403190525597893 -0.0545305740533877 0.0207928933898813 0.271903224145717 -0.102960837654866 -0.125869773659360 -0.202017052060000;
-0.0740590013938345 -0.00276921803079144 -0.0180338978539112 0.00259370886385568 0.266430412011914 -0.103650791834298 -0.0355784640488537 -0.0484953030664885 -0.198725446395187 0.876997938388740 0.0888453883036391 0.0341848706113836 0.0538625736662652 0.0736768973474682 -0.0315173694708655 0.0270827609815569 -0.689262965375747 0.131052927151430 -0.0893020570420049 0.280287007065454 0.286774767853785 -0.890251502361934 0.535455951731819 0.476130633438515 0.479817867325437 -0.342440258908937 0.0334847695785356 0.732009712144645 -0.409588811908179 0.606034264383197 0.317340641209739 0.384645013396039 0.174642299163679 -0.648198178547347 -0.103963233981631 -0.988076882495093 -0.0467911642263061 -0.852342869396125 -0.0885789888488659 0.567918827700794 0.0191073171278049 0.0693616709211256 -0.103718273285722 -0.982804348779609 -0.127326947138499 0.0357578561015544 0.179634506246686 -0.103138881702222 0.343955736505450 -0.0984717722531059;
0.205537451695553 -0.0217909696129368 0.0170239670610499 -0.0353993253727367 -0.226738423159290 0.0796913396955929 -0.100062517046808 0.0403764174959633 -0.169329069003027 0.0888453883036391 1.22489567584944 -0.198725449103335 -0.00404951101956641 -0.0260361683390329 -0.0956137734173268 0.0266385196564443 -1.08240339401164 -0.671010044127854 1.01935956400837 1.60534675500912 -0.117546644304184 -0.349790274969592 0.700934281987543 -0.524859400900823 1.44307178536428 0.158780759949877 -0.927831188736945 0.571771223987525 -0.624235377148125 -0.652712281217759 1.59634157891742 1.15988934225578 -0.990437714023699 -1.19983593225831 -0.663808464364308 -1.06369854295190 0.636508056443688 0.580712047171801 -1.15484915524530 0.966348335270567 -1.20022885415028 0.334223466741605 -0.403190502367579 0.240568980012881 0.271903222104811 0.0207929294410860 -0.0545305811506012 -0.202017045841785 -0.125869750321272 -0.102960848570667;
-0.0740590025798724 -0.00276922934153845 0.00259370952448990 -0.0180338999480227 0.266430417829724 -0.103650780341241 0.0270827634893749 -0.0315173694625628 0.0888453940870022 0.0341848706113836 -0.198725449103335 0.876997875873712 0.0736768942588242 0.0538625647141089 -0.0484953032283784 -0.0355784608241558 0.280287160280068 0.286774797379394 -0.890251537908625 -0.689262994164835 0.131052955365703 -0.0893020710118435 0.535455812134387 0.479817867065890 0.476130701062971 -0.342440269181679 0.732009864268548 0.0334849438659148 0.384644998108342 0.174642420901392 -0.648198145398055 -0.409588810141656 0.606034250935863 0.317340629619139 -0.103963129565273 -0.0467912271451496 -0.988076737121418 -0.852342827000939 0.567918830376584 -0.0885789234889671 0.0191074719882920 0.0693616960636909 -0.982804365259653 -0.103718300102628 0.179634446195735 0.0357578281601718 -0.127326948939299 -0.0984717628132330 0.343955783790079 -0.103138880583160;
-0.0176958349239840 -0.0286092883411584 -0.0100954752804299 -0.0203381807888263 0.0318837800541587 -0.0282598538640286 -0.00365134191997640 0.0405647035514676 -0.0260361704539491 0.0538625736662652 -0.00404951101956641 0.0736768942588242 0.0622366065056212 0.0539224893041137 0.0638771726475014 0.0106116852397307 -0.159117072660592 -0.0543534903753198 -0.122895036162390 -0.154978654355546 -0.0624834538316463 -0.157995180077705 0.0116453088912749 0.0542572248104989 0.117208796320483 -0.0162502618177314 0.274303735179274 0.235888898161647 0.00662562425986124 0.141677750792951 0.0716557363607535 0.0442934446164145 0.163530266637849 0.0647441753953899 -0.236611639658804 -0.0858723430537793 -0.162787049668282 -0.496730362472590 -0.184432135167299 -0.0758867847654017 0.190026094554142 0.190026075120386 -0.243912832906062 -0.0834684236906469 0.0458602378639625 -0.0893256098627280 -0.0458531887371123 -0.0458532115062482 0.569302895308283 0.0458602491053171;
-0.0176958367013782 -0.0286092879953230 -0.0203381810282508 -0.0100954751587778 0.0318837709439634 -0.0282598390335025 0.0106116867538049 0.0638771686861901 -0.00404950946113836 0.0736768973474682 -0.0260361683390329 0.0538625647141089 0.0539224893041137 0.0622366067532312 0.0405647040589656 -0.00365134167645920 -0.154978651706188 -0.0624834102263776 -0.157995171596212 -0.159117095615329 -0.0543534527292309 -0.122895048261853 0.0116452994698193 0.117208787180061 0.0542572404801831 -0.0162502808625504 0.235888842208624 0.274303714835696 0.0442934706516098 0.163530260503876 0.0647441636738222 0.00662561164972431 0.141677751968246 0.0716557680561891 -0.236611617285234 -0.162787032260894 -0.0858723544588429 -0.496730346385448 -0.0758867792790170 -0.184432132256006 0.190026068071006 0.190026068806674 -0.0834684423916769 -0.243912881859160 -0.0458531965005022 -0.0893256367121467 0.0458602581268792 0.0458602367980312 0.569302868803788 -0.0458531921185568;
-0.00848573627105509 -0.0644290937339349 0.0282969992257911 -0.0380214116253192 0.0337857752902835 -0.0129758760184728 0.0494802116654682 -0.0143515140252939 0.0403764188663445 -0.0315173694708655 -0.0956137734173268 -0.0484953032283784 0.0638771726475014 0.0405647040589656 0.757444579526236 0.0267091984655963 -0.0467439439839978 0.160512031548706 -0.481960165580858 -0.273897017855688 0.0129740517592438 0.0169699851940095 -0.128136566408557 -0.0364233927466557 0.0164141244326004 0.149488484209542 1.32779356338142 0.311147023667274 -0.118255232265227 0.299004728184173 -0.161882912876266 -0.219879230903189 0.184084284878054 0.173107219833810 -0.0159458115545021 0.285307969636733 -0.0545741903988670 -0.759697292480269 -0.227675638587243 -0.319883895987459 0.216795233908897 0.0526417221127389 -1.21732463717490 0.0930921835324625 -0.0684860611395379 -0.0463111269236833 -0.136102491699603 -0.0458831280066079 0.165887695584388 0.167197222639032;
-0.00222837410296961 0.151243241794646 -0.0471685481848279 -0.0204230391165510 0.0336493741017474 0.00655031726546618 0.186271079499193 0.0494802146583808 -0.100062520457872 0.0270827609815569 0.0266385196564443 -0.0355784608241558 0.0106116852397307 -0.00365134167645920 0.0267091984655963 0.757382423269519 -0.200772035176215 0.0176133375055088 0.161406869871826 0.253233104025639 0.511655580129570 0.0950332102547691 0.168660020017342 0.0694515511131613 0.117072535318588 1.12980436200749 0.0875126721361141 0.493995605376824 -0.775045581307495 0.199108420327093 0.138788648764830 -0.267437198246625 -0.00491351080927416 -0.445385890214226 -0.103078373871540 -0.183942859568447 0.0515403298541059 -0.313091682030063 -0.873352833543322 -0.134933852225281 -0.0361319750950884 -1.36989348375039 0.123116103735811 -0.185470175594673 -0.188915667312358 0.247468129877234 -0.128375289092332 -0.227746783340990 0.200550902834635 0.305969273209428;
0.280555927838122 -0.0198141421285527 -0.0691685599040284 0.0307293323248850 -0.193667337729494 0.288799652471653 0.253233105441723 -0.273897019706538 1.60534678352630 -0.689262965375747 -1.08240339401164 0.280287160280068 -0.159117072660592 -0.154978651706188 -0.0467439439839978 -0.200772035176215 6.07953113176336 1.57819811901754 0.0459124476356578 -1.10330151558992 -0.391736378899509 2.88866311264383 1.34389451032428 3.31190189018946 -1.25624493911164 0.943134529541567 1.35132570869973 -2.45690078761254 1.94074786852434 -2.98784042177795 -5.27482732960198 -2.39110215782421 -1.10943464353113 2.70166358972756 -0.933827329716223 2.03145153155128 -3.26936058591673 1.95268787198802 2.46071184938774 -2.68635227278014 -3.73590578664152 -1.00891902991896 0.303786981225144 -0.553554329606413 1.12243397262137 1.50875332166106 0.690811226691039 -0.568495598832683 -1.49658750060189 -0.880345420155209;
